[at-work.jpg]
filters=Vignette=1,35.000000,1.400000,0.000000,00000000;
moddate=0eed36494199d501
width=900
height=438
textactive=0
